v = 1 2 3
1 2 3
u = 2 4 6
2 4 6
-v = -1 -2 -3
-u = -2 -4 -6
2v = 2 4 6
u/3 = 0.666666666666667 1.33333333333333 2
v+u = 3 6 9
u-v = 1 2 3
v-u = -1 -2 -3
v.u = 28
v.v = 14
u.u = 56
v = 28
v = v :True
v = u :False
