hello, x=1
x=1 Sin(x)=0.841470984807897
fgamma(1)=0.999999996451316  0!=1 
fgamma(2)=0.999999996451316  1!=1 
fgamma(3)=1.99999999290263  2!=2 
fgamma(4)=5.99999997870789  3!=6 
fgamma(5)=23.9999999148316  4!=24 
fgamma(6)=119.999999574158  5!=120 
fgamma(7)=719.999997444947  6!=720 
fgamma(8)=5039.99998211463  7!=5040 
fgamma(9)=40319.999856917  8!=40320 
