A = 
     0.266      0.724      0.292      0.876      0.404      0.291      0.493      0.234 
     0.587      0.555      0.403      0.735      0.989      0.969      0.555      0.431 
       0.4      0.301      0.266      0.156      0.424      0.225      0.763      0.822 
     0.903      0.367        0.6      0.701      0.255      0.295      0.772      0.757 
     0.355      0.685      0.832      0.825      0.322      0.293     0.0279      0.461 
     0.696      0.241       0.82     0.0629      0.341     0.0144      0.548      0.196 
     0.303       0.11        0.3     0.0672      0.114      0.582      0.267      0.589 
     0.524      0.886      0.301      0.108      0.963      0.233      0.837      0.201 
Q = 
     0.173      0.543    -0.0491      0.392     -0.282    -0.0423      0.386     -0.537 
     0.381     0.0949     -0.208      0.334      0.815     0.0485     -0.146    -0.0554 
      0.26    -0.0178     -0.134      -0.12      0.074    -0.0405      0.788      0.521 
     0.587     -0.371     -0.215      0.378      -0.47    -0.0924      -0.26      0.178 
      0.23      0.428      0.736      0.128    -0.0304      0.035     -0.189      0.411 
     0.452     -0.329      0.431     -0.405      0.113     -0.307      0.134     -0.461 
     0.197     -0.138     0.0928     -0.107      -0.06      0.944     0.0825     -0.146 
     0.341      0.498     -0.393     -0.621     -0.111   -0.00434     -0.285      0.049 
R = 
      1.54       1.22       1.35       1.15       1.29       0.92       1.54       1.24 
         0      0.944      0.164       0.66      0.701      0.292      0.232     0.0237 
         0          0      0.612      0.231     -0.321     -0.125     -0.455     0.0251 
         0          0          0      0.841     -0.173      0.347     -0.187      0.215 
         0          0          0          0       0.52      0.518    -0.0402    -0.0587 
         0          0          0          0          0      0.552    -0.0147      0.419 
         0          0          0          0          0          0      0.362       0.41 
         0          0          0          0          0          0          0      0.436 
R is upper triangular
Q^T * Q is approximately equal to the identity matrix
Q * R is approximately equal to matrix A
b = 
     0.124      0.395     0.0236      0.132      0.708       0.24      0.867      0.746 
Solution vector
x= 
     0.856       2.19      0.028      -1.38      -1.16        1.3     -0.836     0.0844 
A*x =      0.124      0.395     0.0236      0.132      0.708       0.24      0.867      0.746 
Ax is approximately equal to b.
Determinant(A)=Determinant(R)=0.0338612994822086
A^(-1)= 
     -2.21    -0.0349      -1.98        2.8      0.299      -1.38     -0.213       1.51 
     0.128       -1.3      -1.31       0.52      0.569      -1.09       1.38       1.75 
         1    0.00351      0.679      -1.66      0.175       1.94      0.365      -1.07 
      0.66      0.577      0.397      0.201     -0.031    0.00652      -1.15     -0.954 
     -1.41       1.36        1.3     -0.443      0.615    -0.0682      -2.08     -0.154 
     0.923      0.177     -0.958     -0.508     -0.693      0.289       1.98     -0.117 
      2.46     -0.259      0.825      -1.18      -1.59       1.57      0.609     -0.915 
     -1.23     -0.127        1.2      0.408      0.942      -1.06     -0.336      0.112 
A * A^(-1) is approximately equal to the identity matrix
